FMM: 
Precision: 95.48404115940137%
Recall: 96.50576442756545%
F1: 95.99218411153694%
BMM: 
Precision: 95.65524269146444%
Recall: 96.67777433975925%
F1: 96.16379038903145%
