[317916, 380274, 348332]
FMM:
precision:0.8360182394799539
recall:0.912681005477533
F1:0.8726691792271817

