[310168, 390789, 348332]
FMM:
precision:0.7936968543126853
recall:0.8904378581353422
F1:0.8392888309221359

