[317574, 375360, 348332]
FMM:
precision:0.8460517902813299
recall:0.9116991835375446
F1:0.877649607844221

