[314277, 385361, 348332]
FMM:
precision:0.8155391957151865
recall:0.9022340755371312
F1:0.8566989190301665

