[328204, 360591, 348332]
FMM:
precision:0.91018355976716
recall:0.9422160467599876
F1:0.9259228435246141

