[325157, 364544, 348332]
FMM:
precision:0.8919554292485955
recall:0.9334686448560569
F1:0.9122399968577986

