[320707, 376293, 348332]
FMM:
precision:0.8522800052087071
recall:0.9206934763386654
F1:0.8851668104191823

