[310236, 390650, 348332]
FMM:
precision:0.794153334186612
recall:0.8906330741935854
F1:0.8396307352547152

