[617541, 789873, 1140931]
FMM:
precision:0.7818231538487833
recall:0.5412606020872428
F1:0.6396723851825457

