[1097446, 1150951, 1140931]
FMM:
precision:0.9535123563036133
recall:0.9618863892733215
F1:0.9576810673498898

