LM: 
Precision: 99.95137787952243%
Recall: 99.90164492838271%
F1: 99.92650521598904%
