LM1+sp: 
Precision: 92.03314793817813%
Recall: 96.3368754831927%
F1: 94.1358476493202%
