FMM_test: 
Precision: 97.8456946686828%
Recall: 97.11105384382856%
F1: 97.4769901104242%
correct: 1089049
All: 1121447
Predict: 1113027
