LM1+OOV: 
Precision: 94.10958002878075%
Recall: 90.56370920783596%
F1: 92.30260287916244%
