LM: 
Precision: 98.70901630134338%
Recall: 97.92018704406004%
F1: 98.31301937570167%
