fine_HMM: 
Precision: 79.04612867383466%
Recall: 54.36565437332304%
F1: 64.42301291351296%
