HMM: 
Precision: 79.06267037046652%
Recall: 54.312241238328696%
F1: 64.39098289642763%
