FMM:
precision:0.9161603590703078
recall:0.9510592665112965
F1:0.933283677149368

BMM:
precision:0.9186252505754581
recall:0.9535230439001131
F1:0.9357488909580015
