FMM: 
Precision: 97.84648586096542%
Recall: 97.11105384382856%
F1: 97.47738272919916%
BMM: 
Precision: 98.04347025267948%
Recall: 97.30419716669624%
F1: 97.67243485834022%
