[1140442, 1140916, 1140931]
FMM:
precision:0.999584544348576
recall:0.9995714026527459
F1:0.9995779734574667

