[1037554, 1096120, 1140931]
FMM:
precision:0.9465697186439441
recall:0.9093924172452147
F1:0.9276087134356793

