[1123506, 1133437, 1140931]
FMM:
precision:0.9912381543923482
recall:0.9847273849163534
F1:0.9879720432225567

