[999712, 1076636, 1140931]
FMM:
precision:0.9285515253066031
recall:0.8762247673172172
F1:0.9016295787229879

