[1045615, 1094222, 1140931]
FMM:
precision:0.9555784840736158
recall:0.9164576998959622
F1:0.9356093296521536

