HMM: 
Precision: 0.10778074317388626%
Recall: 0.001872580692623013%
F1: 0.003681204209544662%
