Bi-search: 69.27826166152954s
HashSetL: 13.265526294708252s
Python Set: 5.340746164321899s
